[Priority]
s1=*.sfv
s2=*.m3u
s3=*.nfo
s4=*.diz

[Main]
Options=100100001000001001101001111111100000010111110111000000001000000000010011001001104110000000021001011111111300
UTB=3
tbCapFTP=FlashFXP %s %ttr %p %n
build=1010
CSP=959B
setup=38299
FileExists=000000000
WQ7=38299
LSS=08FE077BFE3ED02F48F1551DEC2EEA31FE3FE066FB6AA524DC23
Email=flashfxp-user@flashfxp.com
Log Name=FlashFXP.log
Download Directory=C:\Documents and Settings\user\My Documents
ConnectTimeout=40
TransferTimeout=5
RetryDelay=120
Status Size=400
RetryCount=10
Idle Time=120
Anti-Cmd=0
KALV=30
MLS=2
FTPRetryCnt=3
tbCapFXP=FlashFXP %ttr %te %n
DSL=2
USL=2
Identd User=
Identd SYS=UNIX
Identd Port=113
LoPort=1024
HiPort=2048
BindIP=
QHistoryMax=50
Queue=101
Icons=0100010
Columns=11001

[SiteManager]
Left=464
Top=202
Width=592
Height=383
State=0

[Graph]
V=0
H=65

[Window]
Left=448
Top=242
Width=861
Height=675
State=1
TS=0.501190483570099
BS=0.5
CS=0.855325937271118
LTS=0
RTS=0
THP=962

[Confirm]
Options=11111111

[List]
Custom=

[Sounds]
Active=1

[Proxy]
Type=0
Host=
Port=21
User=
Pass=
SKA=0

[QuickConnect]
Left=0
Top=0
Width=424
Height=266
State=0

[QueueWindow]
Left=0
Top=0
Width=571
Height=286
State=0

[StatusWin]
Left=17
Top=239
Width=1224
Height=587
State=0
Font="MS Sans Serif", 14, [], [clWindowText], 1
Color=-2147483643
OnTop=0
Wrap=0

[CmdWindow]
Y=0.629999995231628
W=492
H=408

[Viewers]
html=00E:\Program Files\Macromedia\Dreamweaver 8\Dreamweaver.exe

[SESDlg]
Left=383
Top=154
Width=584
Height=402
State=0
OnTop=0
Wrap=0

[Session]
985898=05-25-15_15.20.49.985898.fqf
